# AUTOMATICALLY GENERATED SYLLABLE DETECTOR CONFIGURATION
samplingRate = 44100.0
fourierLength = 256
windowLength = 256
windowOverlap = 124
freqRange = 2000.0, 7000.0
timeRange = 10
threshold = 0.442442442442442
scaling = linear
processInputsCount = 2
processInputs0.function = l2normalize
processInputs1.function = mapminmax
processInputs1.xOffsets = 3.01082513942674e-06, 1.17621921162936e-05, 2.57233364209242e-06, 7.23042239769711e-06, 3.76240063815203e-06, 8.04371666163206e-06, 7.4990698522015e-06, 5.00743226439226e-06, 9.66045536188176e-06, 3.97551730202395e-06, 1.19572468975093e-05, 1.15397397166817e-05, 1.04913324321387e-05, 2.2514434022014e-05, 1.02180110843619e-05, 2.13156617974164e-05, 7.27156566426856e-06, 1.04749888123479e-05, 1.634990076127e-05, 7.25836071069352e-06, 1.5426423487952e-05, 4.4812518353865e-06, 4.6391492105613e-06, 7.23246239431319e-06, 1.48084131978976e-06, 8.31626857689116e-06, 7.77680270402925e-06, 7.81884591560811e-06, 1.74622493887e-06, 3.40914061780495e-06, 1.21120165204047e-05, 2.7082417091151e-06, 7.9336468843394e-06, 3.90458171750652e-06, 8.16627834865358e-06, 8.45587692310801e-06, 5.13642680743942e-06, 1.19655733215041e-05, 3.80352662432415e-06, 1.51580079545965e-05, 1.22222163554397e-05, 1.23153795357211e-05, 2.31476988119539e-05, 1.05330263977521e-05, 2.56649418588495e-05, 5.21003403264331e-06, 1.19845326480572e-05, 1.86873403436039e-05, 7.31784803065239e-06, 1.59223782247864e-05, 6.47799242869951e-06, 5.56781378691085e-06, 8.08962522569345e-06, 1.66187999184331e-06, 6.93435731591308e-06, 7.97438860900002e-06, 8.05619674792979e-06, 1.7986286593441e-06, 3.93349091609707e-06, 1.35440513986396e-05, 2.71057433565147e-06, 9.75062448560493e-06, 4.24950349042774e-06, 8.34771344671026e-06, 9.45610827329801e-06, 5.38736685484764e-06, 1.33696066768607e-05, 3.53960422216915e-06, 1.68868027685676e-05, 1.32008681248408e-05, 1.52770408021752e-05, 2.50583689194173e-05, 1.10845849121688e-05, 3.3118933060905e-05, 4.84121892441181e-06, 1.36806993396021e-05, 2.11590249818983e-05, 7.46947853258462e-06, 1.67655034601921e-05, 1.11149065560312e-05, 6.57586952002021e-06, 1.00362767625484e-05, 2.02752153199981e-06, 5.77748733121553e-06, 8.27450185170164e-06, 8.59544888953678e-06, 1.91959588846657e-06, 4.48217997472966e-06, 1.50488504004898e-05, 3.35183813149342e-06, 1.05015360531979e-05, 5.21843639944564e-06, 8.73189219419146e-06, 1.11800691229291e-05, 6.15443741480703e-06, 1.4718655620527e-05, 3.23751601172262e-06, 2.1038853446953e-05, 1.5728905054857e-05, 2.08811106858775e-05, 3.01700310956221e-05, 1.21777738968376e-05, 3.5060424124822e-05, 3.95057850255398e-06, 1.40852262120461e-05, 2.34765102504753e-05, 7.67650544730714e-06, 1.93080322787864e-05, 3.49173424183391e-05, 8.73159569891868e-06, 1.43668121381779e-05, 2.40044346355717e-06, 4.91956870973809e-06, 9.00712529983139e-06, 9.32931470742915e-06, 1.9870537926181e-06, 5.07106460645446e-06, 1.68581555044511e-05, 3.91453113479656e-06, 1.2656924809562e-05, 6.08370510235545e-06, 9.66506377153564e-06, 1.11471863419865e-05, 7.94361767475493e-06, 1.59422706929035e-05, 3.01738054986345e-06, 2.60494671238121e-05, 2.1941114027868e-05, 3.53771465597674e-05, 3.69533590856008e-05, 1.41980835905997e-05, 4.14930400438607e-05, 3.74251317225571e-06, 1.01375308076967e-05, 2.68737785518169e-05, 8.39071344671538e-06, 2.55784452747321e-05, 3.90329842048232e-05, 1.24830858112546e-05, 1.73282878677128e-05, 2.92622621600458e-06, 4.8858710215427e-06, 1.09674147097394e-05, 1.31764936668333e-05, 1.97174995264504e-06, 5.06222249896382e-06, 1.75431632669643e-05, 4.01083252654644e-06, 1.18597790788044e-05, 7.38508015274419e-06, 1.14283357106615e-05, 1.14260155896773e-05, 1.20668564704829e-05, 1.4445606211666e-05, 3.02361877402291e-06, 3.12420343107078e-05, 1.81910818355391e-05, 5.07352960994467e-05, 4.09019630751573e-05, 1.75492095877416e-05, 4.59908260381781e-05, 3.66335189028177e-06, 7.89242403698154e-06, 2.90947518806206e-05, 9.72033467405709e-06, 6.73402109896415e-06, 3.6142624594504e-05, 5.49521701032063e-06, 1.91106773854699e-05, 4.38365395893925e-06, 4.94774803883047e-06, 1.50773839777685e-05, 1.18093594210222e-05, 2.02251681002963e-06, 4.57892110716784e-06, 1.7166514226119e-05, 4.72964893560857e-06, 9.81994071480585e-06, 1.03423908512923e-05, 1.27385064843111e-05, 6.96791175869294e-06, 1.16370156320045e-05, 1.40977163027856e-05, 3.11538451569504e-06, 4.76385721412953e-05, 1.5976169379428e-05, 6.33039453532547e-05, 4.53067368653137e-05, 2.01901966647711e-05, 4.14924616052303e-05, 3.42501220984559e-06, 6.90503065925441e-06, 3.31263108819257e-05, 1.31142523969174e-05, 5.5645050451858e-06, 2.9978533348185e-05, 3.95237748307409e-06, 2.51564997597598e-05, 6.8843282861053e-06, 5.10557492816588e-06, 2.2966993128648e-05, 1.03162656159839e-05, 2.00390945792606e-06, 3.94162952943589e-06, 1.70341500052018e-05, 5.12811220687581e-06, 8.60987620399101e-06, 1.29319914776715e-05, 1.30967982840957e-05, 4.51792766398285e-06, 1.19679943964002e-05, 1.43054749059957e-05, 3.12868064611393e-06, 5.44943395652808e-05, 1.42217650136445e-05, 4.86431636090856e-05, 3.73619259335101e-05, 1.73146199813345e-05, 3.4606629924383e-05, 3.37994219989923e-06, 6.13886049904977e-06, 2.38245502259815e-05, 2.46865674853325e-05, 4.87260740555939e-06, 2.55602171819191e-05, 3.15420334118244e-06, 2.84909565380076e-05, 1.80579954758286e-05, 5.13811619384796e-06, 2.03662402782356e-05, 9.23254265217111e-06, 2.00050362764159e-06, 2.75358411272464e-06, 1.72101463249419e-05, 4.47268212155905e-06, 8.37465722725028e-06, 1.21791745186783e-05, 1.27460971270921e-05, 3.81436643692723e-06, 1.20578815767658e-05, 1.43565575854154e-05, 3.14319754579628e-06, 4.47683960373979e-05, 1.25046799439588e-05, 4.19292409787886e-05, 2.68504372797906e-05, 1.41962536872597e-05, 2.62510129687143e-05, 3.3342544156767e-06, 5.64065385333379e-06, 2.21380250877701e-05, 1.75639561348362e-05, 4.34157936979318e-06, 2.23458882828709e-05, 2.63644960796228e-06, 1.85047556442441e-05, 1.65484889294021e-05, 5.17494663654361e-06, 1.76618323166622e-05, 8.11783775134245e-06, 2.00309477804694e-06, 2.60674414676032e-06, 1.65704386745347e-05, 4.32064734923188e-06, 8.59786450746469e-06, 1.14673293865053e-05, 1.137606886914e-05, 3.3196879485331e-06, 1.20984805107582e-05, 1.3695548659598e-05, 3.22183382195362e-06, 3.53087853000034e-05, 1.19691076179151e-05, 3.69011322618462e-05, 2.06858167075552e-05, 1.22249821288278e-05, 1.8825798179023e-05, 3.30356260747067e-06, 5.15489637109567e-06, 1.64597731782123e-05, 1.51359954543295e-05, 3.93982145396876e-06, 2.0498055164353e-05, 2.15761906474654e-06, 1.80932020157343e-05, 1.36338821903337e-05, 5.27599104316323e-06, 1.20666891234578e-05, 7.77015247876989e-06, 1.98785141947155e-06
processInputs1.gains = 3.53315581932224, 4.14008510230668, 3.95575475903557, 3.48713423374167, 3.39307584580774, 2.88872664348549, 2.70741651003432, 2.89280874034978, 2.91189948877818, 2.7298224162369, 2.69234665304365, 2.60697284953365, 2.58490121278477, 2.98743689968382, 3.18292800247579, 3.66619647186286, 3.00911430369573, 3.28756734204398, 3.5191621196693, 3.47770713258814, 4.05424984408372, 3.39617219681368, 3.32385488922229, 3.5028886602336, 4.10433710729703, 4.5141246677701, 5.04472438722259, 5.52273936214872, 3.42856359176624, 3.57561307540548, 4.18983695605544, 5.4556636137352, 5.05233977171969, 5.14121095320715, 4.37272797652086, 3.82726667021337, 4.00396963524032, 3.77203791114132, 3.59407536026262, 3.46684983320595, 3.33215909017376, 3.22058927456325, 3.16191036693816, 3.3195990704615, 4.0177368146433, 3.35599204224972, 3.67349798646269, 3.88708508270072, 4.02205076373996, 4.77685599919132, 3.9815279996258, 4.12746380593841, 4.25751950128147, 5.04029244012903, 4.98622152324301, 6.43073563113309, 5.71736419824004, 3.37523088800183, 3.56188204468569, 4.17375541854139, 5.43470775523904, 6.3473280637001, 5.24186749630348, 5.16171172137094, 4.62244505789725, 4.14753324486915, 3.7389891999905, 3.71196906253156, 3.55240724135998, 3.4103520762264, 3.71277405470114, 3.62258430751135, 3.68681403372901, 4.26884097481743, 3.59854361346737, 4.00321289623888, 3.88550449643778, 4.02039734905535, 4.59103092358554, 3.88559875350269, 4.11781700315892, 4.38290985962865, 5.0752838315329, 5.32323120581403, 6.3069553306293, 5.77973741935777, 3.36830953798348, 3.55684386341988, 4.16786073551357, 5.42702465730428, 6.26533661815069, 5.25144029966898, 5.40852407541836, 5.14881680515303, 4.14547817169677, 3.77680847987855, 3.8156261493884, 3.75829902028168, 3.59922786047376, 3.90878090663084, 3.71410387448414, 3.78655553952217, 4.36897889815207, 3.61585267151813, 4.10149150804962, 3.88458230532444, 4.01942667874708, 4.53606775074726, 3.85851029991288, 4.06537273234705, 4.7420562735648, 4.58456558857248, 5.40238589661015, 5.98291744949283, 5.64012409195638, 3.28975351279705, 3.54342661620574, 4.15214947524236, 5.40655515742879, 6.07885600634933, 5.22424216314834, 5.38174210885687, 5.48826775658401, 4.14117851447093, 3.72279707637, 3.96467761517065, 3.87117018442572, 3.72953250769838, 4.22197271402925, 3.86782164600371, 3.86368829156689, 4.32528868397718, 3.98404871214959, 4.18696220340733, 3.88160252161809, 4.0163230406001, 4.50545925863277, 3.82871392197657, 4.01192678870522, 4.588802314188, 4.50015150601328, 5.08482879977808, 5.10725912997434, 5.31492216288506, 3.17029932980216, 3.53213133422001, 4.13891922081758, 5.38932201829487, 5.7690110831947, 5.34349075143972, 5.33602467596801, 5.72174899465247, 4.13150713064591, 3.63782001392101, 3.93031170700858, 3.95684257735666, 3.76881225511896, 4.26249036411305, 3.92200471385304, 4.03125893948568, 4.26443779582354, 4.00772963772892, 4.20640789291609, 3.87436035307647, 4.00882306303097, 4.30836305314369, 3.77438455080351, 3.95572493072643, 4.45842803342694, 4.49768436105518, 4.8963346540809, 4.69802767644623, 5.11085202109436, 3.07737552709564, 3.52749753481119, 4.13348952198558, 5.38226713732955, 5.63127261273141, 6.53977707822871, 4.96959146273081, 5.85144683899646, 4.12754292118634, 3.58405712982584, 3.91320903218437, 4.0496212785817, 3.89985384034985, 4.3191940709967, 3.96415933878158, 4.08072951130654, 4.2443738855393, 4.02854931921089, 4.28525770954597, 3.87338654912499, 4.00781128326865, 4.27551138342341, 3.70055346994874, 3.89609598983458, 4.43021579077174, 4.38803491883468, 4.24507196032799, 4.42086202855737, 4.92113509428731, 2.99378034928198, 3.49038538357797, 4.09000418248693, 5.32565231635655, 5.49120377458246, 6.25846913019601, 4.38505569186395, 5.2171827648637, 4.1137910866802, 3.46342803956722, 3.91000348743191, 4.0704544516001, 4.00893107788387, 4.43244754823108, 4.03825853691467, 4.16149528672678, 4.2191811373543, 4.03326006281843, 4.08813985894629, 3.87076321325148, 4.00526221791602, 4.15414754269727, 3.53496603631012, 3.76558673436671, 4.42065041842461, 4.23007748125721, 3.51771843719245, 4.44861148274937, 4.87636968938275, 2.89405365039079, 3.44865666421387, 3.98814565333731, 5.26198349884745, 5.27152538942643, 4.99333744072096, 3.95412959692334, 3.98079127178262, 3.94850943462073, 3.40190983992031, 3.90426073269554, 4.0154035133039, 3.96553655511113, 3.81656581763148, 4.08588900857727, 3.99554947369136, 4.10847710137082, 3.80343882598837, 3.70293377605887, 3.64583244717856, 3.89562527746307, 3.70583339377916, 3.34486769894777, 3.52188067073343, 4.07102223032549, 4.15267480421078, 3.59889005330689, 4.44353629433632, 4.55791273918477, 2.69497569775256, 3.0702438671434, 3.51158550015259, 3.88096932711343, 3.76843091311534, 3.82926862449237, 3.19626804722517, 3.24813794077374, 3.49204064823294, 3.23650855742245, 3.51044333370276, 2.97916256916824, 3.03666525860174, 3.13942563196577, 3.91619357953212, 3.41603272377359, 3.48756972478567, 3.40072984349624, 3.10712962920749, 2.9383744833844, 3.02025090409936, 2.82755938106576, 2.61124490434078, 2.61330103701492, 3.23088158563632, 3.53665046755318, 3.22167676956688, 3.3162099312657, 4.01256147877701, 2.49383445582207
processInputs1.yMin = -1
processOutputsCount = 1
processOutputs0.function = mapminmax
processOutputs0.xOffsets = 0
processOutputs0.gains = 2
processOutputs0.yMin = -1
layers = 2
layer0.inputs = 290
layer0.outputs = 4
layer0.weights = -0.266159176826477, 0.038990244269371, 0.186984747648239, -0.127096354961395, -0.134696483612061, 0.0956566110253334, 0.0770321041345596, 0.132675543427467, 0.0436677932739258, -0.111936688423157, 0.0489609465003014, -0.0805835053324699, -0.00254010781645775, -0.180590152740479, -0.0634142309427261, 0.168484181165695, -0.123705558478832, 0.0359478443861008, -0.0503672398626804, -0.0928871929645538, -0.113157957792282, 0.122345879673958, 0.0421742238104343, -0.228265002369881, -0.209207132458687, 0.221699923276901, 0.0823847502470016, 0.103231847286224, -0.00488562928512692, -0.0184836238622665, -0.0145103596150875, 0.00704667996615171, -0.0689619854092598, 0.192180648446083, -0.0410222113132477, -0.0431462824344635, 0.196503803133965, 0.053672730922699, 0.0233112815767527, -0.0559304803609848, 0.00746826129034162, 0.0711714401841164, 0.159650355577469, 0.255127727985382, 0.193591475486755, -0.0800425410270691, 0.0061273155733943, -0.0619743540883064, -0.310829281806946, -0.345108062028885, -0.0884866937994957, 0.397006779909134, 0.0207822676748037, -0.0748303085565567, -0.152296647429466, 0.10904648154974, 0.228442072868347, -0.0657261610031128, 0.124250195920467, -0.205307185649872, 0.118606865406036, 0.062943123281002, -0.0401138179004192, -0.0871537551283836, 0.0425274297595024, 0.0723617672920227, 0.0647510960698128, 0.169371098279953, 0.0626232177019119, -0.134189516305923, -0.236260309815407, 0.133907318115234, -0.11440172791481, 0.144214555621147, -0.00817859545350075, -0.00517694465816021, 0.0451791137456894, 0.0311516411602497, -0.592262506484985, 0.14122685790062, 0.0715907514095306, -0.997978925704956, -0.238648310303688, -0.203016504645348, -0.0401775874197483, 0.157530918717384, -0.139751642942429, 0.550378203392029, -0.021305525675416, 0.0645224303007126, 0.0550579540431499, 0.17420206964016, -0.134483635425568, 0.059270553290844, -0.0969233438372612, 0.072784960269928, -0.212094590067863, -0.147994369268417, -0.163557559251785, -0.224199548363686, 0.00370255019515753, -0.0626834630966187, -0.0115497838705778, -0.0699279233813286, 0.0973588973283768, -0.170964702963829, -0.159524857997894, 0.242336884140968, -0.392249226570129, -0.594240367412567, 0.239155367016792, 0.161189153790474, -0.152589917182922, -0.0455871224403381, 0.0222139619290829, 0.0264947973191738, 0.155586078763008, -0.0104101896286011, 0.113927602767944, 0.0801739692687988, 0.027805533260107, 0.125326931476593, 0.0717920660972595, 0.109676539897919, -0.0100648403167725, -0.0569083392620087, -0.409233778715134, -0.0595112219452858, 0.868817865848541, 0.135028660297394, 0.0440097227692604, 0.0805445536971092, 0.0789958983659744, 0.0487029775977135, -0.0346115417778492, 0.305192738771439, -0.35302671790123, 0.58507513999939, -1.59857952594757, 0.146403700113297, 0.0493899956345558, 0.01844722032547, 0.179362624883652, 0.215679183602333, 0.013097669929266, 0.141152381896973, 0.123319253325462, 0.113629229366779, 0.0477789081633091, 0.0788511484861374, -0.0252760443836451, 0.0185429938137531, -0.0391805730760098, -0.0441650934517384, 0.0801335647702217, -0.196992248296738, -0.152163118124008, -0.034243106842041, 0.0871630385518074, -0.051244892179966, -0.0457054786384106, -0.0750121623277664, 0.113054677844048, -0.120115406811237, 0.142303645610809, 0.63749772310257, 0.348154038190842, -0.394427269697189, 0.129622638225555, 0.33084824681282, -0.10736470669508, 0.0050189271569252, -0.001454335055314, -0.0439704023301601, 0.154847636818886, 0.0493358075618744, -0.0162881761789322, -0.00825726054608822, 0.165726110339165, -0.0821832492947578, 0.0485925376415253, 0.0653706938028336, -0.0541717298328876, -0.214387878775597, -0.357005536556244, 0.0929580926895142, -0.168449491262436, 0.22664113342762, 0.0348197929561138, 0.0993482396006584, -0.0419141091406345, 0.04325295612216, 0.181573569774628, 0.147353246808052, 0.261612951755524, -0.123013585805893, -0.0922377556562424, 0.336339741945267, -0.351372539997101, -0.226069241762161, 0.0794414654374123, 0.0219278652220964, -0.110050529241562, 0.0923455432057381, 0.111619867384434, 0.210888534784317, 0.107291214168072, 0.151730880141258, 0.0792154669761658, -0.00344336032867432, 0.0639058649539948, -0.091758094727993, 0.0986951068043709, -0.0926654562354088, 0.0434932261705399, -0.136457949876785, 0.220785617828369, 0.138272702693939, 0.151870980858803, 0.178637370467186, -0.130530267953873, 0.116531260311604, 0.0951904207468033, 0.366301238536835, -0.437351912260056, -0.590312540531158, 0.331011027097702, -0.541344881057739, -0.0939342081546783, 0.209364905953407, 0.148586243391037, -0.043843150138855, -0.00876140221953392, -0.227116495370865, 0.0173466950654984, 0.130493387579918, 0.0393676348030567, -0.0778483524918556, -0.130154877901077, -0.0991366431117058, -0.101778984069824, -0.210042208433151, -0.209938988089561, 0.261542707681656, 0.599293291568756, 0.188078820705414, 0.228939548134804, 0.123446881771088, -0.0675827711820602, -0.0045373048633337, 0.0276700761169195, -0.0500877797603607, -0.177769377827644, -0.0933753028512001, -0.151240929961205, -0.135217279195786, -0.0663107857108116, 0.101262323558331, 0.129476606845856, -0.0847694277763367, -0.0615131035447121, 0.105845972895622, 0.138343751430511, 0.0403580106794834, -0.103528313338757, -0.26718071103096, -0.109454967081547, -0.288044035434723, 0.0296930111944675, 0.0313617028295994, -0.201916486024857, -0.453368425369263, -0.398367941379547, -0.150438994169235, -0.425151735544205, -0.263131588697433, -0.129126042127609, -0.0535600185394287, -0.162353277206421, -0.213618591427803, -0.266758471727371, -0.21106268465519, -0.212083384394646, -0.166039392352104, -0.121124088764191, 0.408828765153885, -0.0451300963759422, -0.0692676082253456, -0.0843220055103302, -0.154166236519814, 0.854114353656769, -0.128908425569534, -0.301450222730637, 0.112660199403763, 0.223719969391823, 0.311052829027176, 0.240445226430893, -0.0904530733823776, 0.0965972244739532, -0.135583132505417, 0.220239222049713, -0.220843911170959, -0.268761426210403, 0.0393474586308002, -0.286295890808105, -0.253961235284805, 0.148977518081665, -0.111842699348927, -0.0592463985085487, 0.341798484325409, 0.172484248876572, 0.378143936395645, -0.120694637298584, -0.307292908430099, -0.0874592140316963, -0.208060756325722, -0.421993315219879, -0.216623812913895, 0.672223567962646, 0.630222916603088, 0.0503784902393818, -0.566000401973724, -0.0180916413664818, -0.364966958761215, 0.041344478726387, 0.248131170868874, -0.151690036058426, 0.0760224834084511, -0.413506865501404, 0.113772101700306, 0.253467500209808, -0.186274200677872, 0.216946795582771, -0.0986217334866524, -0.472390651702881, 0.129159867763519, 0.0153408413752913, 0.194900408387184, 0.316214710474014, -0.117795340716839, 0.351313382387161, 0.187784999608994, -0.68261593580246, -0.242350786924362, -0.324245154857635, -0.733023166656494, -0.431276500225067, 0.912282586097717, 0.295732289552689, 0.260168641805649, -0.177153319120407, -0.109543047845364, -0.110997125506401, -0.0880506262183189, -0.144074156880379, 0.0981722101569176, 0.491767734289169, -0.103003174066544, -0.00521872565150261, -0.217072248458862, 0.206086188554764, -0.383734822273254, -0.0970292091369629, -0.390343874692917, -0.164759948849678, -0.111298337578773, 0.0461475439369678, 0.452301383018494, -0.378763943910599, 0.922368288040161, 0.141757220029831, -0.662783563137054, -0.0200864113867283, -0.0812551975250244, -0.0408698730170727, -0.54771888256073, 0.784487009048462, -0.295133709907532, 0.417398303747177, -0.396898359060287, -0.306424170732498, -0.076004259288311, -0.243129819631577, -0.237655714154243, 0.161716133356094, 0.100514262914658, -0.251367390155792, 0.436371117830276, 0.116121411323547, -0.577996969223022, 0.111220315098763, -0.147821724414825, -0.0692400932312012, 0.3943732380867, -0.110642813146114, -0.298093765974045, 0.212864637374878, 0.108502313494682, 0.669043242931366, 0.0387194231152534, -0.0529325343668461, 0.177419811487198, 0.4091557264328, 0.115561828017235, -0.537631392478943, 0.643864154815674, 0.0184873938560486, 0.410721451044083, -0.397694230079651, -0.190479010343552, -0.221705377101898, -0.117936640977859, -0.174896433949471, 0.229314044117928, 0.572038650512695, -0.44271045923233, 0.0715629458427429, 0.128522157669067, -0.477211177349091, 0.353791564702988, 0.0375408940017223, -0.270931899547577, -0.23612479865551, -0.114244647324085, -0.0557402148842812, -0.0133107379078865, 0.0134189575910568, 0.0846082791686058, 0.43332439661026, -0.39311894774437, 0.553498029708862, -0.233293920755386, -0.415945142507553, -0.766169369220734, 0.530766904354095, 0.0909554809331894, 0.164692223072052, -0.174214154481888, -0.486535310745239, -0.331748187541962, -0.168476268649101, -0.194947242736816, 0.055082056671381, 0.234080940485001, 0.219995483756065, 0.169893309473991, 0.581151187419891, -0.2957803606987, 0.838095724582672, -0.00288725877180696, -0.807855486869812, -0.392234534025192, -0.115603536367416, -0.218629777431488, -0.341289669275284, -0.222406446933746, -0.370525002479553, 0.642048418521881, -0.26802533864975, 0.490244328975677, -0.176748022437096, -0.338509052991867, -0.664655268192291, 0.249105826020241, 0.086979553103447, -0.09823327511549, -0.146406695246696, -0.177275806665421, -0.0719194561243057, 0.0812205746769905, -0.0533902645111084, -0.0899652615189552, 0.341759860515594, -0.0965201556682587, 0.367013216018677, 0.144915252923965, 0.187441349029541, 0.537619948387146, -0.334272682666779, -0.0624894052743912, 0.23710623383522, 0.450313061475754, 0.164750009775162, -0.298125475645065, 0.148904532194138, 0.169739186763763, -0.0549462884664536, 0.764853596687317, -0.130999192595482, 0.468449771404266, -0.222973093390465, -0.677665054798126, 0.59651392698288, 0.213276505470276, 0.11354848742485, -0.114086255431175, 0.228072553873062, -0.221258923411369, 0.00670462846755981, -0.335178941488266, -0.381760656833649, -0.159326106309891, 0.0722405686974525, -0.0353771336376667, 0.342335492372513, -0.167825147509575, -0.111151188611984, -0.0817939639091492, 0.0265691615641117, 0.055574506521225, 0.293786466121674, 0.0758045390248299, 0.177576884627342, -0.436644077301025, 0.212145835161209, -0.126376286149025, 0.650396585464478, -0.207426458597183, 0.169516369700432, -0.0995458662509918, -0.20674692094326, 0.711853384971619, 0.287930488586426, 0.0780633613467216, -0.184390649199486, 0.319149076938629, -0.0780843049287796, 0.415131837129593, 0.0355703607201576, -0.208701446652412, -0.325773864984512, -0.1747787296772, 0.0112359579652548, 0.184087663888931, -0.233378946781158, -0.101036429405212, -0.259620010852814, 0.00875529460608959, -0.0632520243525505, -0.222794875502586, 0.210648655891418, 0.43259209394455, -0.401188403367996, -0.199086606502533, -0.248370066285133, 0.504850685596466, -0.312728375196457, 0.0217222031205893, -0.0716266483068466, -0.324744760990143, 0.879349887371063, 0.478060603141785, 0.010880159214139, 0.366174250841141, -0.0354845821857452, -0.0761711448431015, 0.483198910951614, 0.424930363893509, -0.0944610685110092, -0.057665154337883, -0.125187739729881, -0.00152796693146229, 0.279880881309509, -0.116683676838875, 0.169660538434982, -0.380029946565628, -0.242922633886337, 0.140129595994949, 0.171448141336441, -0.0959479063749313, 0.123054817318916, 0.323824375867844, -0.251073360443115, -0.19839571416378, 0.0560857355594635, 0.358545005321503, -0.354966938495636, -0.452686160802841, -0.304429650306702, 0.403254508972168, 0.0607529766857624, -0.032920990139246, 0.151976734399796, -0.055253230035305, 0.0528805591166019, 0.12513679265976, 0.0373287871479988, 0.0115782786160707, 0.0915707275271416, -0.108427554368973, 0.0105969244614244, 0.0891628861427307, -0.000310167815769091, 0.170097485184669, 0.0576455034315586, 0.14896385371685, 0.0329746939241886, -0.0533039569854736, 0.0341590344905853, 0.0618373490869999, -0.0907736346125603, -0.0382125377655029, 0.0346215665340424, -0.0395409539341927, 0.142401948571205, 0.100986480712891, 0.03709976375103, 0.0290746279060841, 0.00730840349569917, 0.101789347827435, 0.159201979637146, -0.0259402878582478, 0.138077571988106, -0.0844547227025032, 0.088237352669239, 0.0268325172364712, 0.0375874452292919, -0.0168417282402515, -0.0126664647832513, 0.131667017936707, -0.0288533102720976, -0.0549178309738636, 0.103668116033077, 0.0462746471166611, 0.134735941886902, 0.143047109246254, -0.0422012582421303, 0.13569800555706, 0.0970556363463402, -0.123879291117191, 0.111764490604401, -0.0473884791135788, 0.141833290457726, 0.068370632827282, 0.0519319735467434, 0.0300483759492636, 0.0411646962165833, -0.0276153553277254, -0.0489756725728512, 0.0158564858138561, -0.00101333507336676, 0.010702284052968, -0.114312723278999, -0.11395289003849, -0.0671107918024063, -0.120669350028038, 0.160541325807571, 0.118912778794765, -0.027971476316452, 0.10131036490202, 0.137370586395264, -0.0148328831419349, -0.0130381854251027, -0.00356501922942698, -0.105119496583939, 0.162820935249329, 0.171994730830193, -0.0354965999722481, -0.0339372679591179, -0.104695327579975, -0.118303932249546, 0.0126716522499919, -0.107083283364773, 0.0979444906115532, 0.0424395948648453, 0.160734862089157, 0.104559987783432, -0.0734798535704613, -0.110554963350296, 0.0746007338166237, 0.0995319485664368, -0.0475157164037228, -0.07149937748909, -0.00243768328800797, -0.0720957666635513, 0.0945916399359703, -0.0816366076469421, 0.0513535775244236, 0.0609737485647202, -0.107810579240322, -0.04738674685359, -0.0535853765904903, -0.0916048660874367, 0.0359506867825985, 0.171757400035858, 0.0730921775102615, 0.0799616649746895, 0.0491111055016518, -0.0137392785400152, -0.126456171274185, -0.0673469305038452, 0.106101848185062, 0.0772519484162331, 0.163341715931892, 0.169103503227234, 0.154070004820824, 0.0298894792795181, 0.0287603046745062, -0.0325459539890289, 0.118813641369343, 0.0806831866502762, -0.0375260412693024, -0.0685716420412064, 0.102204419672489, 0.118664503097534, 0.143820986151695, -0.0120032569393516, -0.0304905157536268, 0.163971975445747, 0.112642332911491, 0.127158224582672, -0.0784321576356888, 0.00586577877402306, 0.115171082317829, -0.0447127632796764, 0.176547721028328, -0.0246343575417995, 0.10188078135252, -0.144370630383492, 0.0731456950306892, 0.0564988888800144, -0.0100967967882752, -0.000490346981678158, 0.126502111554146, 0.0959495976567268, 0.143250271677971, 0.0198709778487682, -0.0511068589985371, -0.0868402644991875, -0.0357198342680931, 0.129020169377327, 0.0924712494015694, 0.107042841613293, -0.100705087184906, 0.108919285237789, 0.141991972923279, 0.125622943043709, -0.000270766468020156, -0.0152887078002095, 0.149763450026512, 0.018455570563674, -0.0874874293804169, 0.134478375315666, 0.10415755212307, 0.0598138310015202, 0.0153655745089054, 0.0318654477596283, -0.0757784470915794, -0.0500431731343269, 0.165999412536621, 0.00320854038000107, 0.128963902592659, -0.0347637608647346, -0.0681590214371681, 0.152722433209419, -0.069381907582283, 0.0439895838499069, -0.0637292414903641, 0.111510843038559, 0.145967498421669, -0.0282156933099031, 0.0684939101338387, -0.0230802036821842, -0.0462817065417767, 0.108700670301914, -0.137230634689331, 0.00944738183170557, -0.0452031418681145, -0.0439478680491447, -0.0697459653019905, 0.079927384853363, -0.1143893674016, -0.0907391235232353, 0.00216650683432817, 0.10151906311512, 0.0690314173698425, -0.0289442837238312, -0.149861469864845, -0.0798372104763985, 0.124982625246048, 0.00776418577879667, 0.17305400967598, 0.0525982566177845, 0.0959079712629318, 0.146927312016487, 0.0853788629174232, 0.106569595634937, 0.14598423242569, -0.0270136352628469, 0.135332643985748, 0.0363043621182442, -0.0522319562733173, 0.154034152626991, 0.138564929366112, 0.0794097632169724, 0.15242663025856, 0.0896210074424744, -0.0468556918203831, 0.00928096380084753, 0.120777800679207, -0.0574449338018894, 0.0273805111646652, 0.0576202683150768, 0.153613463044167, -0.0388493202626705, -0.112865835428238, 0.072070337831974, 0.133474692702293, -0.0874694213271141, 0.0268513299524784, 0.00364376837387681, -0.0515281371772289, 0.071430578827858, -0.0950406193733215, -0.0608361065387726, -0.0152390766888857, 0.0139214564114809, -0.120520651340485, -0.0653256326913834, 0.00588809093460441, -0.0441785119473934, -0.0979379341006279, -0.031951516866684, 0.0968513414263725, 0.0394690372049809, 0.0108366562053561, 0.00707960221916437, -0.0653861984610558, 0.149526864290237, 0.0755776986479759, -0.0557742454111576, 0.13915890455246, 0.0974121913313866, 0.122858166694641, -0.111209876835346, 0.129543140530586, -0.00495797023177147, -0.114738024771214, 0.061573151499033, 0.00574194174259901, -0.0516796559095383, -0.0890280455350876, -0.0446619652211666, 0.174958288669586, -0.00158603640738875, 0.00362648721784353, -0.111315131187439, -0.102502524852753, 0.0835575833916664, 0.0784804746508598, 0.0999394282698631, 0.0782627612352371, 0.0569117069244385, -0.0366774126887321, -0.0301138497889042, 0.160018548369408, 0.0807299539446831, 0.0361252278089523, 0.0220907442271709, 0.0572572126984596, 0.0166144892573357, -0.0657923743128777, -0.0595460496842861, -0.0315677411854267, 0.0341173149645329, -0.0117058083415031, 0.00663454318419099, 0.0738533660769463, -0.0981421992182732, 0.0936306715011597, -0.131931021809578, 0.111400529742241, -0.147296324372292, -0.0407975353300571, 0.0752051323652267, -0.0305776074528694, -0.104212388396263, -0.120010770857334, 0.118615657091141, -0.0623697936534882, -0.133329838514328, 0.130960300564766, -0.00402530841529369, -0.0231014750897884, -0.10039360076189, -0.078344963490963, 0.0948240384459496, -0.00777519401162863, 0.0488288104534149, 0.0745230838656425, 0.103777676820755, 0.41200578212738, 0.438517898321152, -0.275650858879089, -0.0874667912721634, -0.0425140224397182, 0.0365838706493378, 0.0527085103094578, 0.0239640530198812, -0.125142931938171, -0.144066423177719, 0.0232186689972878, 0.0205271132290363, 0.0147552518174052, 0.00471532763913274, -0.0983979776501656, 0.121900774538517, -0.0963826104998589, 0.11036217212677, -0.175437361001968, -0.343818157911301, -0.240756124258041, -0.169840931892395, -0.024252887815237, -0.108559988439083, -0.235708937048912, 0.0935616791248322, -0.174619570374489, 0.00554448179900646, 0.298275709152222, 0.121632516384125, 0.00260020792484283, 0.177328437566757, -0.164667516946793, -0.113375291228294, 0.0130168860778213, -0.0744554251432419, -0.0574563071131706, -0.0533461421728134, -0.0842484906315804, -0.18662916123867, -0.0976306051015854, 0.0488860942423344, -0.199241146445274, -0.123145461082458, 0.0399692952632904, 0.122855022549629, 0.213222473859787, -0.0718158185482025, -0.424151569604874, -0.328055679798126, -0.107500717043877, -0.133133366703987, 0.0229083877056837, -0.140046417713165, 0.00525764934718609, -0.201965674757957, -0.129508957266808, 0.189926266670227, 0.388854384422302, 0.0235584490001202, 0.301801592111588, -0.12324957549572, 0.00168377812951803, -0.0621814206242561, 0.0321953482925892, -0.207471370697021, -0.135414749383926, -0.144115477800369, -0.173115134239197, -0.0599306374788284, -0.13088746368885, -0.184085637331009, -0.188114374876022, 0.103485703468323, 0.0494932197034359, 0.195705696940422, 0.209678396582603, -0.179189309477806, -0.227292239665985, -0.00838312227278948, 0.0565974712371826, -0.165866479277611, 0.00995123200118542, 0.0726359039545059, -0.0740514099597931, 0.354338496923447, -0.0359265804290771, 0.813175857067108, 0.234658464789391, -0.0629735514521599, 0.0308010764420033, -0.213793858885765, -0.268656671047211, 0.0895211398601532, -0.0939405634999275, -0.0281992070376873, 0.00403118180111051, -0.17216669023037, -0.0404384136199951, -0.0178428888320923, -0.0649976208806038, -0.150693312287331, 0.0127875292673707, 0.0584265440702438, -0.122760154306889, 0.170380353927612, -0.0413309447467327, 0.287642300128937, -0.0615135803818703, -0.0447021834552288, -0.0418633967638016, -0.0735175609588623, 0.0414722450077534, -0.169629946351051, 0.350880235433578, -0.407606393098831, 0.458008021116257, 0.344961017370224, -0.569249391555786, 0.391960233449936, -0.0725184753537178, 0.0872521921992302, 0.0375309437513351, -0.0678321719169617, 0.306298077106476, 0.0224673226475716, -0.13874089717865, -0.125456735491753, -0.173632338643074, -0.0259033218026161, -0.0396677851676941, -0.153092607855797, 0.024170033633709, 0.0259179826825857, 0.501549899578094, 0.149729877710342, -0.101929068565369, 0.0223126262426376, -0.12265982478857, -0.00527524668723345, -0.128124967217445, -0.0420286804437637, -0.220647290349007, 0.0236673429608345, -0.375731229782104, -0.0133911240845919, 0.61941534280777, -0.683933138847351, 0.258152902126312, -0.0515415444970131, -0.14762419462204, -0.0871729999780655, 0.0136988097801805, 0.221598833799362, -0.116104200482368, -0.00449462840333581, -0.144341543316841, -0.226081535220146, -0.120387725532055, -0.141354948282242, 0.125302776694298, 0.0056499489583075, 0.0393162854015827, 0.315065890550613, 0.429110765457153, -0.233346357941628, 0.189623281359673, 0.0101937241852283, 0.0546989627182484, 0.146244570612907, 0.240895062685013, -0.0105106048285961, 0.195033550262451, 0.345874011516571, 0.0699383318424225, 0.433315366506577, 0.14713642001152, 0.336570888757706, 0.0530084446072578, -0.0736755058169365, -0.00790189858525991, -0.126631811261177, 0.239954233169556, 0.0270968973636627, 0.110728725790977, -0.0857892781496048, 0.0482746735215187, -0.0984514951705933, -0.056311659514904, -0.0791184604167938, -0.0201208535581827, -0.122504554688931, 0.251438081264496, 0.231380641460419, -0.38767883181572, 0.0122993299737573, 0.011771522462368, -0.114575929939747, -0.0777996033430099, 0.124442875385284, -0.0527784526348114, 0.0496590510010719, -0.0679893046617508, -0.0580299496650696, 0.43223112821579, 0.283934503793716, -0.137873396277428, -0.00530639942735434, 0.147262662649155, 0.109247356653214, 0.0426363572478294, 0.302004665136337, -0.0554659888148308, 0.00157885299995542, 0.174772307276726, 0.0594289563596249, 0.192311897873878, 0.0461094565689564, 0.0911882668733597, 0.0694210305809975, -0.0772138759493828, 0.266146928071976, 0.156864255666733, -0.285017102956772, -0.163707628846169, 0.189302250742912, -0.0944060459733009, 0.0842712223529816, 0.20662248134613, 0.107852220535278, 0.084626093506813, 0.192210048437119, -0.491071194410324, 0.133365750312805, 0.413906812667847, -0.212350279092789, 0.0584165304899216, -0.0756283700466156, -0.0591384135186672, 0.118930853903294, 0.0578067265450954, 0.270636230707169, 0.16191665828228, 0.218767210841179, -0.0951948463916779, -0.0366066880524158, 0.102457381784916, -0.00395112670958042, 0.0548416525125504, 0.22786770761013, 0.127267718315125, 0.294403433799744, -0.109524086117744, -0.175881266593933, 0.154935255646706, 0.011169109493494, 0.309626668691635, 0.226995497941971, 0.273159801959991, 0.325253576040268, 0.00101619586348534, -0.0196398161351681, -0.0172701422125101, 0.179010227322578, 0.165887773036957, 0.0877786800265312, 0.0384326279163361, -0.169555351138115, -0.140121027827263
layer0.biases = 1.66902911663055, -2.32819390296936, 0.45659539103508, -1.2355991601944
layer0.transferFunction = TanSig
layer1.inputs = 4
layer1.outputs = 1
layer1.weights = -1.40184962749481, 1.12051784992218, -0.498549431562424, -1.75658571720123
layer1.biases = -0.734308123588562
layer1.transferFunction = PureLin
